    0.26
    0.26
    0.26
    0.26
    0.26
    0.26
    0.26
    0.26
    0.26
    0.26
    0.26
    0.26
    0.26
    0.26
    0.26
    0.26
    0.26
    0.26
    0.26
    0.26
    0.26
    0.26
    0.69
    0.26
    0.85
    1.26
    1.12
    0.26
    0.89
    0.82
    0.86
    0.26
    2.72
    0.26
    1.51
    0.26
    2.09
    0.26
    1.93
    0.26
    0.52
    0.81
    0.60
    0.26
    0.26
    0.51
    0.26
    0.26
    0.26
    0.26
    0.26
    0.26
    0.26
    0.60
    0.26
    0.26
    1.41
    2.88
    2.72
    0.97
    2.55
    4.04
    4.14
    1.87
    0.77
    0.26
    0.26
    0.26
    0.26
    0.26
    0.26
    0.26
    2.92
    0.73
    3.06
    0.26
    0.88
    0.81
    1.04
    0.50
    0.26
    0.26
    1.18
    0.26
    0.26
    0.26
    0.26
    0.26
    3.30
    0.26
    3.70
    0.26
    1.05
    0.92
    0.99
    0.51
    0.26
    0.26
    0.26
    0.26
    0.26
    0.26
    0.26
    0.26
    0.74
    0.26
    0.69
    0.26
    1.11
    0.75
    0.95
    0.69
    1.70
    5.44
    5.11
    5.62
    2.48
    5.79
    0.84
    5.12
    0.76
    6.08
    4.96
    4.80
    1.11
    4.53
    0.73
    4.60
    4.35
    4.59
    0.26
    4.50
    0.58
    2.35
    3.98
    1.54
    0.26
    2.09
    1.77
    4.41
    4.89
    4.52
    3.29
    3.98
    5.88
    4.88
    0.56
    0.51
    0.26
    1.00
    2.20
    4.32
    2.20
    4.05
    1.22
    0.26
    0.26
    0.26
    0.26
    0.26
    2.87
    0.26
    0.26
    2.36
    0.26
    0.26
    2.60
    2.02
    2.22
    2.71
    0.83
    3.77
    0.26
    2.95
    0.26
    4.08
    1.25
    0.56
    3.05
    0.26
    0.26
    0.26
    0.26
    0.84
    0.26
    0.26
    2.32
    4.23
    0.26
    0.26
    0.50
    1.79
    0.26
    0.84
    0.26
    0.26
    0.26
    0.62
    0.26
    0.26
    2.73
    3.80
    1.09
    0.26
    3.96
    0.26
    0.26
    1.24
    0.26
    0.26
    1.54
    0.26
    0.26
    0.26
    0.26
    1.98
    1.22
    0.26
    2.90
    0.65
    0.26
    0.26
    4.28
    2.38
    0.26
    0.26
    3.71
    1.66
    0.26
    0.68
    4.84
    0.26
    4.38
    0.26
    0.26
    0.53
    0.26
    0.79
    0.26
    4.28
    4.80
    1.71
    5.46
    2.88
    4.18
    4.52
    3.93
    0.69
    0.26
    0.59
    1.73
    1.92
    0.90
    1.82
    0.68
    0.26
    2.94
    0.26
    1.59
    0.54
    0.26
    2.20
    1.06
    0.57
    1.43
    0.26
    2.59
    1.16
    1.04
    4.56
    3.39
    4.27
    3.36
    0.26
    2.86
    0.26
    1.63
    0.81
    0.26
    0.65
    0.75
    1.20
    0.26
    0.26
    0.26
    0.26
    0.92
    0.26
    2.64
    0.26
    0.26
    0.26
    0.26
    0.26
    0.26
    0.26
    4.05
    3.65
    2.82
    0.26
    0.74
    0.26
    2.01
    2.53
    4.13
    3.75
    0.72
    1.38
    0.26
    0.26
    1.18
    0.94
    3.82
    0.26
    0.26
    1.11
    1.84
    1.82
    3.28
    0.26
    0.26
    1.19
    5.32
    3.31
    0.26
    2.25
    1.09
    1.42
    1.70
    1.17
    4.00
    0.26
    2.15
    4.00
    3.09
    0.26
    0.26
    3.29
    0.86
    4.25
    1.03
    1.46
    2.94
    0.26
    0.94
    1.39
    0.26
    0.56
    0.61
    1.27
    4.28
    0.26
    1.14
    1.56
    0.26
    0.83
    0.26
    2.76
    3.08
    0.61
    0.26
    0.26
    0.86
    0.53
    4.09
    2.33
    1.26
    0.96
    3.61
    1.08
    0.64
    1.80
    0.88
    0.70
    3.60
    0.26
    2.83
    0.91
    3.90
    0.26
    0.26
    0.88
    0.26
    2.88
    4.70
    0.26
    0.26
    0.26
    0.26
    1.25
    0.26
    0.26
    0.26
    0.26
    0.26
    0.26
    0.72
    0.26
    0.26
    4.43
    4.79
    5.12
    0.26
    3.83
    0.26
    3.80
    1.31
    0.26
    1.08
    0.26
    0.98
    0.26
    0.26
    0.26
    0.26
    0.26
    0.26
    4.52
    0.26
    0.26
    0.26
    0.26
    0.26
    0.26
    0.26
    0.26
    0.57
    2.09
    1.71
    0.26
    4.38
    0.73
    1.08
    0.26
    4.16
    0.26
    0.26
    3.90
    0.60
    0.26
    1.06
    0.90
    4.25
    0.26
    0.26
    0.26
    0.26
    0.76
    0.26
    2.21
    0.26
    0.26
    0.26
    0.60
    0.26
    1.14
    0.70
    0.68
    0.26
    2.99
    3.44
    5.25
    2.60
    0.53
    3.64
    3.63
    0.26
    0.53
    2.07
    4.26
    0.26
    3.62
    1.69
    0.26
    3.01
    3.85
    2.69
    0.91
    0.26
    1.25
    0.60
    0.82
    1.11
    1.45
    1.81
    1.01
    0.49
    2.51
    0.99
    2.89
